184.0	-67.028		-24.403
598.3	-63.149		-26.868
261.6	-65.595		-21.855
572.0	-63.283		-26.052
180.5	-67.027		-24.222
152.1	-74.379		-7.933
644.9	-71.272		-8.133
289.5	-65.777		-22.151
122.9	-77.838		-2.312
246.4	-66.323		-22.643
130.1	-68.385		-21.346
120.0	-68.963		-20.043
123.0	-71.748		-15.986
154.0	-74.377		-7.641
569.6	-63.225		-26.736
352.7	-64.971		-20.123
198.9	-70.445		-15.041
175.6	-67.087		-21.822
210.2	-70.248		-15.121
608.0	-64.095		-17.917
220.4	-66.641		-22.965
146.7	-74.466		-8.498
208.4	-66.712		-23.357
114.0	-68.328		-22.227
581.2	-71.558		-8.087
115.0	-68.216		-22.146
206.7	-77.306		-1.266
179.8	-70.777		-14.612
132.2	-68.372		-20.878
576.8	-63.136		-26.803
118.0	-69.362		-18.021
110.0	-69.014		-19.543
556.7	-63.201		-27.596
145.7	-69.518		-17.083
128.0	-68.228		-21.701
177.2	-76.908		-1.814
147.0	-74.525		-7.641
578.9	-63.029		-28.398
549.9	-65.09  	-15.364
105.9	-69.591		-17.678
586.9	-63.094		-28.043
527.0	-63.555		-22.059
110.0	-72.413		-15.877
144.6	-74.259		-8.414
122.0	-68.165		-21.725
129.0	-75.071		-8.866
516.6	-63.571		-22.742
575.2	-63.097		-27.932
111.0	-68.5927	-22.2741
224.0	-66.6321	-23.8009
125.0	-74.0836	-10.5571
223.0	-66.688 	-23.1125
130.0	-69.1663	-18.3534
124.0	-68.4323	-22.4
219.0	-66.6126	-23.8028
620.56	-71.0184	-10.0598
602.75	-71.2574	-9.1825
582.56	-63.3288	-19.7597
